10474647
10515412
10732060
10807219
11024707
11441009
11464648
11590299
1164211
11677278
12163590
12172567
12686296
12890860
13204145
1340142
13408726
13708888
1410324
14307929
14529511
14972952
15094540
15216188
1528054
15735108
15746348
1607603
16110708
16238373
16699558
16926971
16938770
16955631
16968936
17080584
17151328
17725109
17832359
17947697
17954937
18046862
18176525
18294799
18861006
19093698
19316241
19338434
19652159
19715246
19899073
20011655
2006591
20087414
20568404
20714553
20726052
20904475
20934683
20938824
21050476
21056275
21147203
21281085
2133971
21846145
21848500
21960890
22435424
2254222
22669793
22712877
22812963
22916418
22938501
23151193
23617756
23657016
23738096
23920796
24166324
24220368
24440742
24521325
2463794
24643913
24779554
24839398
2501624
25342956
25388971
25592142
25865565
26434972
26582143
2674965
26857786
27268998
27480536
27556460
27704731
27781371
28103028
28143384
28273805
28669235
28803166
28903523
29095457
29111045
29157292
29265962
29325276
29882827
298846
29925614
30118811
30339825
30350202
30583090
30913809
30964246
31086840
3129133
31322640
31398842
3149401
31539614
31552317
31786838
31809476
31969219
32044231
32061192
32278723
32484853
32762201
32991300
33113958
33206889
33506331
33744268
3376703
33787730
34022970
34149150
34235530
342673
34323367
34813443
34873741
34909328
3496543
35035985
35057188
35095329
35151572
3519195
35552985
35614780
35778533
35844557
3598351
36400569
36436372
3685372
36890111
36974120
37006702
3723262
37260677
37405032
37426272
3743515
37552929
37613663
37683441
38379052
38527680
3859859
38625110
38648860
38669664
38745241
38775407
39138610
39491690
39613288
39761418
39848658
39881252
402416
40366667
40702028
4145915
41488249
41739381
41924516
42021064
42081767
42097666
42104806
42141493
42201897
42209438
42382265
42510430
42544773
42940335
43066927
43143567
43219114
43236494
43321985
43363035
4341721
43633088
4398189
44175358
44265115
44455560
44459942
44466810
44698398
44728989
45171524
45445571
45488703
45710945
4575541
45852939
46014517
46174776
46396218
46533533
46640168
46789706
47028805
4731783
47643326
47736165
48228390
48658295
48705086
48835607
48958757
4965193
49689480
49867899
50042011
50123605
50415441
50596425
5063379
50838440
5088741
50915474
51132012
51618973
51650038
51831560
52553102
5267507
52854600
53008933
53085623
53246495
53276089
53323475
53545926
53753697
53829527
5414777
54207171
54261514
54332792
54475145
54611591
55154344
55276522
55320758
55359571
55397172
55484152
55537983
55697723
55733143
5574510
56100345
56146300
56322832
56410769
56499179
56506740
56863746
57111661
57232301
57448410
57775790
57985393
5800323
58053438
58071334
58201062
58288565
58354899
58570206
58707981
58931850
59016454
59080
59293853
59323650
59829423
59893882
59901153
5993144
5997110
60145298
60238002
60268386
60394026
60517697
60764609
6089145
61116514
6116731
61434639
61480937
61773610
61950680
61980241
62002838
62076252
62156277
62173132
62995268
63017368
63028558
63181559
63198739
63295720
63378869
6355563
63825486
63941169
63947968
64767757
64804137
64911387
64998567
65033975
65114115
65155517
65289956
65515667
65569724
65889305
66002986
66059345
66102515
66236707
66328392
6636319
66429798
66472129
66532962
6659193
6696168
67171933
67359907
67441879
67694706
67724434
6798031
68059897
6812770
68316358
68337209
68663427
68756810
68897338
6906306
69272449
69385019
69533836
69655484
69873498
70095046
70117791
70417076
70538272
70634245
70717628
70843274
70860415
7102732
71083002
71456737
71750854
71939275
72238166
72246674
72409226
72578374
72705654
72782945
73121813
73391962
73413514
73490417
73664385
74139959
74169516
74213995
74387963
7477101
74820316
75046994
7511613
75352507
75748977
75892194
75926389
76078185
7628844
76290637
76302448
76978105
77124096
77313225
77571454
77573354
77751766
77946022
78293584
78693036
78905039
79015062
7934362
79415624
79480466
79509511
79625003
79627627
80326401
80447641
80453041
80534031
80551022
80570228
80870883
81005500
81096431
81418467
81476402
81522098
81549048
81560239
81696879
8170654
81756619
81878201
82135803
82661630
82699999
82782870
8324284
83257450
83404468
83626916
83711531
84079032
84192580
84343351
84433129
84635192
84673574
85065943
85314178
85395151
8540986
85442146
85687952
85753549
86282581
86304179
8633261
86527709
86809440
87003671
87126721
875572
87640391
88225269
8841431
88477149
885016
88695895
89357740
89604813
8963089
89812483
89948817
90315086
90386276
90664684
90939874
91019775
91152455
91284003
91438674
91509824
92221402
92487128
92501449
92530005
92744676
93053159
93170499
93413793
93453053
93509766
93683815
93723936
93860227
94292987
9453320
94655777
94661166
94722358
94749594
94845588
95454996
95718355
95784714
95937545
96030710
96540807
96676583
96823189
97045737
97223101
97262307
97345699
97476032
9763474
97662494
9785661
98007437
98167225
98248208
98385955
98567237
98588427
98828338
98888032
99176254
99193444
99217226
99229085
99289828
99471856
99989863
